 103201172557, 103300420702, 103300774825, 103346589807, 103349628092, 103354072920, 103402723941, 103404038965, 103410230557, 
 103420877788, 103425062938, 103436729874, 103460612805, 103504462482, 103510060508, 103512115604, 103515019723, 
 103515049010, 103519726771, 103523327157, 103525005848, 103532626559, 103541891100, 103541900306, 103545733638, 
 103550539214, 103550563514, 103551498977, 103576183330, 103576830811, 103580203130, 103580716934, 103580755213, 
 103581371621, 103584047690, 103587213751, 103588994006, 103589285387, 103590138412, 103592927171, 103593331032, 
 103594078300, 103594300134, 103600615690, 103600889766, 103605642303, 103617814108, 103619813900, 103621791284, 
 103629067174, 103633390191, 103633960524, 103635248920, 103635252659, 103635252949, 103636141353, 103637741813, 
 103638158406, 103641498700, 103642155557, 103643578410, 103645200287, 103652941503, 103659129319, 103659129489,
 103664062650, 103670417656, 103681072134, 103691868411, 103704171590, 103706202804, 103707086033, 103713623779, 
 103715072846, 103717186382, 103717214457, 103717215706, 103718031204, 103718031374, 103719652138, 103724216330, 
 103724659613, 103724659843, 103724890747, 103724890977, 103724891050, 103724893125, 103724893295, 103729401782,
 103729976005, 103730044752, 103736290920, 103736326977, 103740680753, 103741962293, 103742000722, 103746290208, 
 103749521453, 103749822640, 103753202696, 103753249887, 103754376464, 103754707211, 103754707381, 103754707441, 
 103755804442, 103756469827, 103757655638, 103757899027, 103759350251, 103762784346, 103762785009, 103762806266,
 103762806326, 103766991533, 103771162310, 103778591103, 103780165899, 103780248384, 103780509590, 103782073782,
 103782704834, 103782900660, 103783129970, 103783143295, 103783377805, 103784002763, 103784269271, 103786151148,
 103787101951, 103794167189, 103794448675, 103795110263, 103795839886, 103795870413, 103798371248, 103799198102,
 103806002812, 103807159504, 103809097948, 103810348200, 103816603455, 103818605872, 103819098331, 103820920218, 
 103822559488, 103826845950, 103826888540, 103830551345, 103831771333, 103833469503, 103833535588, 103834081184,
 103834621930, 103837138803, 103839793127, 103840407327, 103840407497, 103841626072, 103841642912, 103841647306,
 103841647476, 103841649481, 103849934784, 103850569944, 103850742710, 103853762854, 103854254864, 103860670724,
 103860670894, 103860671037, 103861919491, 103861919781, 103861920382, 103861920732, 103861920809, 103861922518, 103861922748, 103861922808, 103861924523, 
 103861924753, 103861924813, 103861924983, 103862505633, 103862603206, 103862603436, 103863530567, 103863530627, 103863621672, 103863626416, 103863626646, 
 103863698670, 103864041095, 103868632901, 103868858249, 103869507701, 103869508008, 103869509120, 103872270174, 103875905390, 103876328410, 103877270569, 
 103877562533, 103877562600, 103879786403, 103884079805, 103885501867, 103885558873, 103885672586, 103885719980, 103886770990, 103886788517, 103888172418, 
 103888298473, 103889750231, 103889956754, 103890511379, 103891501874, 103891706984, 103891707067, 103891758107, 103891758337, 103892832679, 103893140972, 
 103894353813, 103895567717, 103895567887, 103895584390, 103895588530, 103896022871, 103896022931, 103896812751, 103897169808, 103897169961, 103899907050,
 103900158823, 103901333866, 103902014264, 103902027568, 103905893823, 103906155607, 103908050290, 103909286480, 103909286770, 103912062077, 103912098550,
 103912148330, 103912929168, 103914311573, 103915548426, 103917060686, 103918256374, 103919984963, 103922684813, 103922684983, 103923038179, 103925510539, 
 103925582562, 103929003124, 103932083112, 103932083342, 103932708470, 103935154500, 103935205573, 103936951568, 103937067997, 103937241886, 103937812001, 
 103939101008, 103939268748, 103939867704, 103940319904, 103940397152, 103940431481, 103940572804, 103941287106, 103941406960, 103941716040, 103942519642, 
 103943801180, 103944396043, 103945571376, 103946280965, 103946287134, 103948071728, 103952219369, 103952639812, 103954064468, 103954085341, 103956251192, 
 103956880545, 103956886281, 103956886571, 103956892376, 103957587770, 103959149063, 103959694004, 103965466304, 103966592809, 103966749530, 103966749607, 
 103970531182, 103971616414, 103971791809, 103971799544, 103974460421, 103977586980, 103977607327, 103978081376, 103979278537, 103979639320, 103979694106, 
 103983602070, 103984642893, 103986076943, 103987518828, 103988099724, 103989681337, 103989681567, 103989756822, 103989767760, 103990337004, 103990633688, 
 103990633978, 103990739122, 103991321873, 103993239934, 103993254951, 103993583360, 103993807108, 103996023169, 103996138286, 103999070100, 104001224581, 
 104001782980, 104002059256, 104002059546, 104002351169, 104003058974, 104003073181, 104005113269, 104006764419, 104006778545, 104007116119, 104007902148,
 104009244130, 104010268404, 104010309882, 104010313501, 104010324500, 104010444309, 104012329245, 104013522100, 104014247994, 104016428984, 104016995795,
 104017689847, 104018135559, 104018135619, 104018135789, 104018655980, 104018656063, 104018659191, 104019812358, 104020514901, 104020515094, 104020518342, 
 104020518862, 104020519301, 104020519525, 104020519985, 104020520066, 104020521539, 104020522071, 104020522131, 104020522208, 104020522881, 104020557661, 
 104020574464, 104024544721, 104024599509, 104024599722, 104025582729, 104025582959, 104029550100, 104030027205, 104030230998, 104030231070, 104030510261, 
 104030510321, 104030510491, 104030510551, 104030510611, 104030510781, 104030510841, 104030687077, 104030699258, 104031783185, 104032426903, 104032672750,
 104033353508, 104033393360, 104033397210, 104033841248, 104034396419, 104034749562, 104038045504, 104040348404, 104041184420, 104042313166, 104042892968,
 104043470590, 104043909317, 104043947803, 104043982811, 104044069167, 104044379703, 104044386614, 104044518168, 104044577604, 104044604420, 104044726004,
 104046421088, 104046471465, 104047261474, 104047337792, 104047346101, 104047747840, 104048007192, 104048021507, 104048080177, 104050846620, 104050846850,
 104051799779, 104051799905, 104052212196, 104052324825, 104053784871, 104055262326, 104057180845, 104059407827, 104059530172, 104059532248, 104061429477,
 104062817030, 104066193849, 104067727201, 104068103721, 104068556606, 104068628547, 104069236795, 104070057965, 104072127919, 104072163170, 104073911800,
 104073977672, 104074444104, 104075227060, 104075939598, 104076288826, 104076979370, 104077821300, 104078256546, 104078285750, 104078797271, 104082225732,
 104082607050, 104084687075, 104084714903, 104085469334, 104085841704, 104086278151, 104086348503, 104086349046, 104086820791, 104086847301, 104086986209,
 104086986439, 104087673091, 104087684806, 104088037902, 104088531803, 104089046116, 104089082827, 104089093601, 104089115745, 104089156900, 104091398457,
 104092798590, 104092822644, 104092888583, 104093932889, 104095889809, 104098099611, 104100061352, 104100907040, 104101020869, 104101020929, 104101142153,
 104102047340, 104103549367, 104105241202, 104105359004, 104108919308, 104109487207, 104109958598, 104109958718, 104109958888, 104109958948, 104109959020,
 104109992543, 104109998110, 104109998280, 104109998340, 104109998400, 104110034695, 104110363743, 104110493138, 104110497509, 104111031204, 104111077726,
 104111133531, 104114502578, 104116293877, 104116930143, 104117541060, 104117575187, 104122194219, 104122194389, 104122194449, 104122194679, 104123370664,
 104123680264, 104124458384, 104124539674, 104125781503, 104125781727, 104126254869, 104129013907, 104132483306, 104136150470, 104136150530, 104136528129,
 104138485097, 104140279150, 104143085830, 104143292724, 104143292894, 104143315307, 104143708952, 104143816110, 104143865545, 104148905835, 104149112918,
 104150935415, 104151615090, 104154433952, 104154517100, 104157696942, 104157697025, 104157846761, 104157846821, 104157846991, 104158174016, 104158306720,
 104159617183, 104159617243, 104159809110, 104159809280, 104160768984, 104160910301, 104163024327, 104163454996, 104163455079, 104163550033, 104164112795, 
 104164347021, 104164611363, 104164935960, 104164947270, 104164998830, 104165464183, 104165543528, 104165919100, 104166007447, 104168460725, 104171169380, 
 104173161520, 104176039920, 104178434720, 104178624308, 104179055692, 104180912419, 104180912589, 104182698746, 104182969197, 104183323480, 104187228206, 104188686460, 104188695683, 104189461390, 104189461800, 104189461970, 104189473571, 104189682180, 104190126110, 104192016199, 104192960113, 104193920452, 104194810910, 104194876629, 104195264510, 104196478063, 104199016185, 104199053499, 104200501405, 104201106007, 104201505457, 104202613002, 104203281507, 104203326776, 104203797330, 104204469495, 104204962037, 104205217927, 104205580450, 104205724185, 104206348695, 104206349068,
 104206948254, 104207110808, 104207152505, 104207152729, 104207152959, 104208526037, 104208843200, 104209611503, 104209611957, 104212591497, 104212591557, 104212609398, 104216097446, 104219138447, 104222912380, 104225867495, 104227201599, 104227691250, 104228617600, 104229921719, 104232829517, 104232883793, 104232883853, 104232883913, 104232884002, 104232887124, 104232887294, 104232887354, 104232887584, 104232887644, 104232887704, 104232895164, 104232895224, 104234076312, 104234411029, 104234532810, 104237715327, 104237734595, 104237749214, 104237777015, 104238244350, 104240637540, 104241099990, 104244475100, 104244494941, 104244544082, 104244687120, 104247083463, 104247160092, 104247727239, 104247727819, 104249231459, 104249957423, 104250620186, 104250715372, 104250878631, 104252251184, 104252913515, 104255714644, 104262396259, 104262458440, 104262974851, 104265394746, 104265394976, 104265445410, 104265445640, 104265446302, 104265492839, 104266503261, 104267837900, 104268467279, 104268596930, 104268630510, 104268662101, 104268662271, 104270150523, 104273284891, 104273670298, 104275832470, 104276261235, 104276427606, 104278570354, 104279185351, 
 104279772597, 104279801844, 104285003581, 104289431859, 104290588876, 104294231289, 104294255700, 104300903968
